9 0.44642857142857145 0.28125 0.2857142857142857 0.1875
9 0.7053571428571429 0.49107142857142855 0.24553571428571427 0.17857142857142858
9 0.7053571428571429 0.6294642857142857 0.26785714285714285 0.13392857142857142
9 0.6964285714285714 0.7232142857142857 0.2544642857142857 0.12946428571428573
9 0.44642857142857145 0.4107142857142857 0.27232142857142855 0.15625
9 0.45089285714285715 0.5401785714285714 0.25892857142857145 0.13392857142857142
9 0.45535714285714285 0.6383928571428571 0.24107142857142858 0.11607142857142858
9 0.45535714285714285 0.7276785714285714 0.24107142857142858 0.10714285714285714
9 0.1875 0.5357142857142857 0.29017857142857145 0.22767857142857142
9 0.20089285714285715 0.6875 0.2857142857142857 0.11160714285714286
9 0.21875 0.7901785714285714 0.2857142857142857 0.13392857142857142
9 0.1875 0.33035714285714285 0.23214285714285715 0.15625
9 0.9107142857142857 0.35714285714285715 0.15625 0.16517857142857142