9 0.4107142857142857 0.5401785714285714 0.28125 0.24107142857142858
9 0.6785714285714286 0.5178571428571429 0.26339285714285715 0.21875
9 0.38392857142857145 0.6875 0.26339285714285715 0.16517857142857142
9 0.6383928571428571 0.32142857142857145 0.21428571428571427 0.15178571428571427
9 0.6517857142857143 0.65625 0.26339285714285715 0.15178571428571427
9 0.6473214285714286 0.75 0.26785714285714285 0.13392857142857142
9 0.9017857142857143 0.2857142857142857 0.18303571428571427 0.20089285714285715
9 0.8928571428571429 0.5357142857142857 0.20089285714285715 0.14732142857142858
9 0.875 0.7276785714285714 0.23660714285714285 0.14285714285714285
9 0.8839285714285714 0.42857142857142855 0.22321428571428573 0.20089285714285715
9 0.4017857142857143 0.32142857142857145 0.24107142857142858 0.17410714285714285