25 0.7142857142857143 0.41964285714285715 0.33482142857142855 0.21875
25 0.8526785714285714 0.33482142857142855 0.2857142857142857 0.21428571428571427
25 0.45535714285714285 0.6428571428571429 0.39285714285714285 0.5625
25 0.24107142857142858 0.7098214285714286 0.40625 0.5714285714285714
25 0.11607142857142858 0.7857142857142857 0.23214285714285715 0.4017857142857143
25 0.1875 0.20535714285714285 0.33482142857142855 0.14732142857142858
25 0.09375 0.08928571428571429 0.1875 0.14285714285714285
25 0.625 0.1875 0.23660714285714285 0.3705357142857143
25 0.75 0.19642857142857142 0.24553571428571427 0.35267857142857145
25 0.42857142857142855 0.16964285714285715 0.16071428571428573 0.33482142857142855
25 0.2544642857142857 0.14285714285714285 0.23214285714285715 0.2857142857142857