10 0.7678571428571429 0.3169642857142857 0.125 0.35714285714285715
10 0.6473214285714286 0.33035714285714285 0.11607142857142858 0.33482142857142855
10 0.5267857142857143 0.33482142857142855 0.125 0.33035714285714285
10 0.4017857142857143 0.32142857142857145 0.125 0.3482142857142857
10 0.2857142857142857 0.32142857142857145 0.125 0.34375
10 0.16964285714285715 0.3125 0.11160714285714286 0.35714285714285715
10 0.23214285714285715 0.6919642857142857 0.12053571428571429 0.17857142857142858
10 0.3392857142857143 0.6964285714285714 0.10267857142857142 0.18303571428571427
10 0.5089285714285714 0.7098214285714286 0.125 0.16071428571428573
10 0.625 0.7053571428571429 0.09375 0.18303571428571427
10 0.7276785714285714 0.7053571428571429 0.09821428571428571 0.18303571428571427
10 0.8258928571428571 0.7142857142857143 0.08928571428571429 0.19196428571428573