41 0.26339285714285715 0.6607142857142857 0.25892857142857145 0.15625
41 0.4375 0.6696428571428571 0.21428571428571427 0.17857142857142858
41 0.6339285714285714 0.6785714285714286 0.19196428571428573 0.19196428571428573
41 0.8392857142857143 0.6964285714285714 0.21428571428571427 0.22767857142857142
41 0.26785714285714285 0.48660714285714285 0.25 0.15178571428571427
41 0.4375 0.48214285714285715 0.23660714285714285 0.15625
41 0.6339285714285714 0.48660714285714285 0.20089285714285715 0.16071428571428573
41 0.26785714285714285 0.32142857142857145 0.2544642857142857 0.18303571428571427
41 0.44642857142857145 0.3125 0.23660714285714285 0.17410714285714285
41 0.6383928571428571 0.29464285714285715 0.19642857142857142 0.20089285714285715
41 0.8303571428571429 0.2767857142857143 0.18303571428571427 0.24107142857142858
41 0.8482142857142857 0.49107142857142855 0.20089285714285715 0.17410714285714285