23 0.8214285714285714 0.5892857142857143 0.18303571428571427 0.3705357142857143
23 0.6473214285714286 0.5982142857142857 0.17857142857142858 0.3705357142857143
23 0.4732142857142857 0.5892857142857143 0.19642857142857142 0.3705357142857143
23 0.2857142857142857 0.5892857142857143 0.20089285714285715 0.3705357142857143
23 0.09821428571428571 0.5892857142857143 0.19642857142857142 0.3705357142857143
23 0.8214285714285714 0.3125 0.17857142857142858 0.19196428571428573
23 0.6428571428571429 0.3125 0.17857142857142858 0.20089285714285715
23 0.4732142857142857 0.3125 0.18303571428571427 0.19196428571428573
23 0.2857142857142857 0.3125 0.18303571428571427 0.19196428571428573
23 0.10267857142857142 0.3080357142857143 0.1875 0.17857142857142858
23 0.9464285714285714 0.59375 0.09821428571428571 0.36607142857142855