10 0.20089285714285715 0.45982142857142855 0.125 0.17857142857142858
10 0.3169642857142857 0.46875 0.09821428571428571 0.17857142857142858
10 0.42857142857142855 0.46875 0.10714285714285714 0.16964285714285715
10 0.5580357142857143 0.46875 0.08928571428571429 0.17857142857142858
10 0.65625 0.48214285714285715 0.09821428571428571 0.20089285714285715
10 0.7767857142857143 0.48214285714285715 0.11160714285714286 0.20535714285714285
10 0.21428571428571427 0.7901785714285714 0.09375 0.16964285714285715
10 0.3169642857142857 0.8125 0.09821428571428571 0.18303571428571427
10 0.5133928571428571 0.8526785714285714 0.10714285714285714 0.19642857142857142
10 0.6339285714285714 0.8571428571428571 0.10267857142857142 0.18303571428571427
10 0.19196428571428573 0.08482142857142858 0.11607142857142858 0.16964285714285715
10 0.5178571428571429 0.08035714285714286 0.13839285714285715 0.15625