38 0.42857142857142855 0.48214285714285715 0.21428571428571427 0.23660714285714285
38 0.6964285714285714 0.7589285714285714 0.24553571428571427 0.22767857142857142
38 0.42410714285714285 0.7678571428571429 0.25 0.19196428571428573
38 0.12946428571428573 0.75 0.25 0.20982142857142858
38 0.16071428571428573 0.46875 0.2544642857142857 0.25
38 0.9017857142857143 0.49107142857142855 0.1875 0.2544642857142857
38 0.9241071428571429 0.7410714285714286 0.14285714285714285 0.23214285714285715
38 0.8660714285714286 0.24107142857142858 0.16964285714285715 0.17410714285714285
38 0.6651785714285714 0.22321428571428573 0.21428571428571427 0.20535714285714285
38 0.4375 0.22321428571428573 0.19642857142857142 0.20535714285714285
38 0.20535714285714285 0.21428571428571427 0.20982142857142858 0.19196428571428573